     No. of atoms, iuni=0,1 para a.u. or angstroms
           6 0
   equilibrium x,y,z possitions and masses
        distances in units depending on iuni,  mass in amu
  1   0.000000000    0.000000000    0.000000000         12.0
  2   0.000000000    0.000000000    2.087147597          1.0
  3   0.000000000    1.883088426   -1.248383063         16.0
  4   0.005729693   -1.992925476   -0.890997212          1.0
  5   0.029958393   -4.606082209   -2.004952535         16.0
  6  -0.238362760   -4.047465841   -3.731461148          1.0
   real normal modes 3N-6 or less, freq. in cm-1
   12 0
1   93.29  0.0 
-0.01433    
-0.01030    
-0.11945    
 0.01596    
-0.24169    
-0.11971    
 0.00974    
 0.12439    
 0.08617    
-0.06323    
 0.07177    
-0.31031    
 0.01315    
-0.08397    
 0.03239    
-0.14534    
-0.34891    
-0.02855    
2 120.88  0.0  
 0.03266    
-0.00192    
-0.01750    
 0.32741    
-0.03509    
-0.01737    
-0.03153    
 0.01734    
 0.01204    
-0.20591    
 0.00707    
-0.04119    
-0.05454    
-0.01427    
 0.01256    
 0.85546    
 0.00217    
-0.12340    
3 256.54 0.0   
 0.08985    
-0.00232    
-0.01843    
-0.49281    
-0.03387    
-0.01851    
-0.04533    
 0.01804    
 0.01159    
 0.71592    
 0.00930    
-0.04058    
-0.04987    
-0.01667    
 0.00716    
 0.21743    
 0.03042    
-0.01898    
4  713.34   0.0
-0.01192    
-0.02537    
-0.06773    
 0.04345    
-0.08522    
-0.07071    
 0.00308    
 0.03416    
 0.01678    
-0.03143    
-0.05158    
 0.02589    
 0.00652    
-0.06013    
 0.01711    
-0.02233    
 0.85128    
 0.31399    
5  1160.16  0.0
-0.14336
 0.00242
 0.00482
 0.56937
-0.01008
 0.00487
 0.03482
-0.00151
-0.00165
 0.63362
 0.01572
-0.02443
-0.00397
 0.00052
-0.00017
 0.01558
-0.01877
-0.00899
6 1220.74 0.0 
-0.00390   
-0.05226   
-0.09046   
 0.01574   
 0.62538   
-0.08315   
 0.00102   
 0.03330   
 0.05464   
 0.02305   
-0.43148   
 0.44443   
-0.00055   
 0.00062   
-0.00697   
 0.00021   
-0.10954   
-0.03998   
7   1446.40   0.0
  0.00077    
 -0.08824    
 -0.03244    
 -0.00214    
  0.53865    
 -0.06484    
 -0.00013    
 -0.03900    
  0.03080    
 -0.00697    
  0.64939    
 -0.33300    
  0.00017    
  0.02616    
  0.01733    
 -0.00068    
  0.06735    
  0.02037    
8 1605.62   0.0
-0.00064    
-0.13239    
-0.01626    
 0.00401    
-0.32355    
-0.02040    
 0.00032    
 0.05841    
-0.03716    
 0.00829    
 0.42280    
 0.62308    
-0.00051    
 0.03885    
 0.01322    
-0.00155    
-0.06542    
-0.02894    
9  1836.94   0.0
-0.00037    
 0.14611    
-0.12494    
 0.00169    
-0.15040    
-0.12855    
 0.00011    
-0.12205    
 0.08110    
 0.00443    
 0.25920    
 0.32108    
-0.00022    
 0.00699    
 0.00108    
 0.00004    
-0.02344    
-0.00819    
10 2948.03 0.0
 0.00001
-0.00190
-0.08086
-0.00012
 0.01195
 0.95557
-0.00000
-0.00117
 0.00068
-0.00044
 0.02787
-0.00830
 0.00005
-0.00023
 0.00032
-0.00037
 0.00514
 0.00047
11 3737.27 0.0
 0.00003
-0.00142
 0.00006
-0.00014
 0.00232
 0.00124
-0.00000
 0.00041
-0.00024
-0.00051
 0.01206
 0.00186
-0.00887
 0.01814
-0.05734
 0.14113
-0.29188
 0.91004
12 -489.26 0.0
 0.00073
-0.09240
-0.08999
-0.00122
-0.26121
-0.08346
 0.00018
-0.05492
 0.01615
 0.00740
-0.32822
-0.26080
-0.00102
 0.16056
 0.07124
-0.00151
 0.01371
 0.02941
